,Timestamp,0,1,2,3
0,1603239409.9514751,-16.11328125,-15.13671875,-24.90234375,-75.68359375
1,1603239409.9553814,-13.18359375,-15.13671875,-23.92578125,-5.859375
2,1603239409.9592876,-12.6953125,-12.6953125,-22.94921875,58.59375
3,1603239409.963194,-6.8359375,-9.765625,-23.4375,30.2734375
4,1603239409.9671001,-5.859375,-8.30078125,-23.92578125,-50.78125
5,1603239409.9710064,-8.30078125,-8.7890625,-20.5078125,-64.94140625
6,1603239409.9749126,-6.8359375,-10.25390625,-20.99609375,-2.44140625
7,1603239409.978819,-9.27734375,-8.30078125,-23.4375,54.6875
8,1603239409.9827251,-8.30078125,-10.7421875,-26.85546875,32.2265625
9,1603239409.9866314,2.44140625,-12.20703125,-29.78515625,-44.43359375
10,1603239409.9905376,7.32421875,-10.7421875,-27.34375,-75.68359375
11,1603239409.994444,9.765625,-0.48828125,-21.484375,-18.5546875
12,1603239409.9983501,18.5546875,7.8125,-19.53125,45.8984375
13,1603239410.0022564,25.87890625,5.37109375,-20.5078125,44.43359375
14,1603239410.0061626,16.11328125,-0.48828125,-22.94921875,-27.83203125
15,1603239410.010069,0.48828125,-0.48828125,-27.83203125,-79.1015625
16,1603239410.0139751,-0.48828125,1.46484375,-25.87890625,-34.66796875
17,1603239410.0178814,-6.34765625,-5.37109375,-26.3671875,41.015625
18,1603239410.0217876,-10.7421875,-3.41796875,-24.90234375,51.26953125
19,1603239410.025694,-6.34765625,5.859375,-19.53125,-19.53125
20,1603239410.0296001,-7.8125,6.8359375,-18.06640625,-69.82421875
21,1603239410.0335064,-6.8359375,-1.46484375,-23.92578125,-36.1328125
22,1603239410.0374126,-7.32421875,0.48828125,-26.85546875,27.83203125
23,1603239410.041319,-6.8359375,3.90625,-25.87890625,46.875
24,1603239410.0452251,-9.27734375,0.48828125,-28.3203125,-18.06640625
25,1603239410.0491314,-13.18359375,2.9296875,-27.83203125,-85.9375
26,1603239410.0530376,-19.53125,4.39453125,-31.25,-59.5703125
27,1603239410.056944,-9.765625,8.7890625,-25.87890625,19.04296875
28,1603239410.0608501,2.9296875,14.6484375,-16.11328125,55.6640625
29,1603239410.0647564,3.90625,11.23046875,-15.625,7.32421875
30,1603239410.0686626,-0.48828125,7.32421875,-20.99609375,-63.96484375
31,1603239410.072569,1.46484375,12.20703125,-23.4375,-49.8046875
32,1603239410.0764751,5.37109375,12.20703125,-19.53125,28.80859375
33,1603239410.0803814,8.7890625,8.7890625,-18.5546875,71.2890625
34,1603239410.0842876,7.8125,12.20703125,-20.99609375,13.18359375
35,1603239410.088194,8.7890625,12.6953125,-23.92578125,-61.03515625
36,1603239410.0921001,9.27734375,10.7421875,-27.34375,-42.96875
37,1603239410.0960064,11.23046875,11.71875,-25.390625,26.3671875
38,1603239410.0999126,18.5546875,11.71875,-26.3671875,71.77734375
39,1603239410.103819,16.11328125,9.27734375,-28.3203125,32.2265625
40,1603239410.1077251,5.37109375,7.32421875,-30.2734375,-46.38671875
41,1603239410.1116314,3.41796875,8.7890625,-32.2265625,-48.33984375
42,1603239410.1155376,9.27734375,14.16015625,-30.76171875,13.671875
43,1603239410.119444,13.18359375,11.71875,-29.296875,63.4765625
44,1603239410.1233501,16.11328125,8.30078125,-28.3203125,37.109375
45,1603239410.1272564,18.5546875,12.20703125,-29.78515625,-40.52734375
46,1603239410.1311626,17.08984375,17.08984375,-24.4140625,-59.08203125
47,1603239410.135069,26.3671875,20.01953125,-20.01953125,0.0
48,1603239410.1389751,30.2734375,20.5078125,-20.01953125,68.84765625
49,1603239410.1428814,21.484375,17.08984375,-15.13671875,51.7578125
50,1603239410.1467876,14.6484375,18.06640625,-11.71875,-36.62109375
51,1603239410.150694,10.7421875,20.5078125,-18.06640625,-69.82421875
52,1603239410.1546001,6.8359375,16.6015625,-20.5078125,-16.11328125
53,1603239410.1585064,12.20703125,14.16015625,-20.01953125,56.640625
54,1603239410.1624126,20.5078125,16.6015625,-20.99609375,48.33984375
55,1603239410.166319,15.13671875,14.6484375,-22.4609375,-28.3203125
56,1603239410.1702251,6.8359375,12.6953125,-23.4375,-63.4765625
57,1603239410.1741314,5.37109375,14.6484375,-20.01953125,-25.390625
58,1603239410.1780376,9.765625,15.13671875,-14.6484375,53.22265625
59,1603239410.181944,23.4375,18.06640625,-19.04296875,61.03515625
60,1603239410.1858501,28.3203125,18.06640625,-25.390625,-13.671875
61,1603239410.1897564,14.6484375,13.18359375,-26.85546875,-57.6171875
62,1603239410.1936626,14.6484375,12.6953125,-26.3671875,-19.53125
63,1603239410.197569,18.5546875,16.6015625,-25.390625,56.15234375
64,1603239410.2014751,15.13671875,17.578125,-25.87890625,76.66015625
65,1603239410.2053814,13.18359375,20.01953125,-28.3203125,8.30078125
66,1603239410.2092876,10.25390625,20.99609375,-30.76171875,-58.59375
67,1603239410.213194,3.90625,16.6015625,-30.76171875,-35.15625
68,1603239410.2171001,-0.9765625,15.13671875,-32.71484375,41.015625
69,1603239410.2210064,9.27734375,18.5546875,-30.76171875,71.77734375
70,1603239410.2249126,14.6484375,18.5546875,-26.85546875,19.04296875
71,1603239410.228819,16.11328125,16.11328125,-26.85546875,-46.875
72,1603239410.2327251,17.08984375,20.99609375,-22.94921875,-28.3203125
73,1603239410.2366314,11.71875,29.78515625,-20.5078125,44.43359375
74,1603239410.2405376,10.7421875,27.34375,-18.06640625,89.84375
75,1603239410.244444,8.30078125,24.90234375,-15.625,38.57421875
76,1603239410.2483501,3.41796875,22.94921875,-16.6015625,-44.921875
77,1603239410.2522564,10.25390625,23.92578125,-14.6484375,-31.25
78,1603239410.2561626,11.71875,21.97265625,-14.16015625,41.50390625
79,1603239410.260069,4.8828125,14.16015625,-16.11328125,84.9609375
80,1603239410.2639751,7.8125,19.04296875,-19.04296875,32.71484375
81,1603239410.2678814,14.16015625,25.390625,-18.06640625,-43.9453125
82,1603239410.2717876,16.6015625,29.78515625,-15.13671875,-37.109375
83,1603239410.275694,20.01953125,30.2734375,-15.625,33.69140625
84,1603239410.2796001,29.78515625,28.80859375,-14.16015625,90.33203125
85,1603239410.2835064,29.296875,23.92578125,-11.23046875,59.08203125
86,1603239410.2874126,23.92578125,20.01953125,-10.7421875,-19.53125
87,1603239410.291319,26.3671875,20.01953125,-14.6484375,-34.66796875
88,1603239410.2952251,30.76171875,19.53125,-10.7421875,28.80859375
89,1603239410.2991314,37.59765625,21.484375,-3.41796875,102.05078125
90,1603239410.3030376,40.0390625,18.06640625,-4.8828125,86.9140625
91,1603239410.306944,38.0859375,20.01953125,-5.37109375,-3.90625
92,1603239410.3108501,37.59765625,28.3203125,-8.30078125,-38.0859375
93,1603239410.3147564,36.1328125,27.83203125,-4.39453125,23.4375
94,1603239410.3186626,38.57421875,27.83203125,-0.48828125,97.65625
95,1603239410.322569,37.59765625,30.76171875,-6.8359375,78.61328125
96,1603239410.3264751,34.66796875,29.296875,-8.30078125,0.0
97,1603239410.3303814,35.64453125,29.78515625,-7.32421875,-25.87890625
98,1603239410.3342876,32.2265625,29.296875,-7.32421875,22.4609375
99,1603239410.338194,32.71484375,31.25,-8.7890625,97.65625
100,1603239410.3421001,34.66796875,36.1328125,-5.37109375,106.4453125
101,1603239410.3460064,36.1328125,32.71484375,-1.953125,30.76171875
102,1603239410.3499126,44.921875,34.1796875,-1.46484375,-17.578125
103,1603239410.353819,41.015625,41.015625,0.9765625,20.01953125
104,1603239410.3577251,34.1796875,34.66796875,0.0,92.28515625
105,1603239410.3616314,40.0390625,29.296875,-3.41796875,103.02734375
106,1603239410.3655376,39.55078125,32.2265625,-3.41796875,28.3203125
107,1603239410.369444,29.296875,28.3203125,-6.8359375,-28.80859375
108,1603239410.3733501,32.71484375,26.85546875,-5.37109375,2.44140625
109,1603239410.3772564,45.41015625,31.25,-7.8125,75.68359375
110,1603239410.3811626,48.33984375,30.76171875,-7.8125,106.93359375
111,1603239410.385069,41.015625,29.296875,-5.37109375,40.52734375
112,1603239410.3889751,29.296875,33.69140625,-5.37109375,-24.90234375
113,1603239410.3928814,31.25,36.62109375,-2.9296875,9.27734375
114,1603239410.3967876,41.015625,36.1328125,-4.39453125,74.70703125
115,1603239410.400694,50.78125,39.0625,-6.34765625,103.02734375
116,1603239410.4046001,47.36328125,42.96875,-5.859375,55.17578125
117,1603239410.4085064,34.66796875,39.0625,-4.39453125,-19.04296875
118,1603239410.4124126,33.69140625,41.015625,-5.37109375,-14.6484375
119,1603239410.416319,35.15625,41.9921875,-4.8828125,52.734375
120,1603239410.4202251,37.109375,35.64453125,-4.8828125,108.88671875
121,1603239410.4241314,41.9921875,36.62109375,-4.39453125,65.91796875
122,1603239410.4280376,39.55078125,39.55078125,-2.9296875,-15.625
123,1603239410.431944,27.83203125,40.52734375,-1.46484375,-10.7421875
124,1603239410.4358501,34.66796875,44.43359375,-0.9765625,52.734375
125,1603239410.4397564,46.875,41.9921875,3.41796875,111.328125
126,1603239410.4436626,51.26953125,41.9921875,5.859375,81.54296875
127,1603239410.447569,51.26953125,46.875,1.953125,-8.30078125
128,1603239410.4514751,48.33984375,47.36328125,6.34765625,-12.20703125
129,1603239410.4553814,49.8046875,43.9453125,7.8125,59.5703125
130,1603239410.4592876,49.8046875,44.43359375,4.8828125,112.3046875
131,1603239410.463194,53.22265625,44.921875,7.32421875,88.8671875
132,1603239410.4671001,49.8046875,43.45703125,10.25390625,11.71875
133,1603239410.4710064,41.015625,43.9453125,11.23046875,-6.8359375
134,1603239410.4749126,45.41015625,44.921875,14.6484375,47.8515625
135,1603239410.478819,58.59375,45.8984375,20.01953125,114.2578125
136,1603239410.4827251,52.734375,42.48046875,13.671875,101.07421875
137,1603239410.4866314,49.8046875,42.48046875,9.27734375,12.20703125
138,1603239410.4905376,55.17578125,43.45703125,12.20703125,-22.4609375
139,1603239410.494444,48.33984375,39.0625,9.27734375,27.34375
140,1603239410.4983501,49.31640625,34.1796875,6.34765625,99.12109375
141,1603239410.5022564,50.78125,34.1796875,8.7890625,90.33203125
142,1603239410.5061626,51.26953125,44.921875,10.25390625,6.34765625
143,1603239410.510069,53.22265625,53.22265625,12.6953125,-34.1796875
144,1603239410.5139751,50.29296875,48.828125,22.4609375,9.765625
145,1603239410.5178814,49.31640625,49.8046875,28.80859375,83.984375
146,1603239410.5217876,49.31640625,51.7578125,25.87890625,84.9609375
147,1603239410.525694,51.7578125,46.38671875,23.92578125,10.25390625
148,1603239410.5296001,51.7578125,44.43359375,23.4375,-33.203125
149,1603239410.5335064,47.8515625,41.9921875,20.99609375,-1.46484375
150,1603239410.5374126,48.828125,42.48046875,23.4375,70.80078125
151,1603239410.541319,54.19921875,42.96875,26.3671875,106.93359375
152,1603239410.5452251,50.29296875,42.48046875,26.85546875,41.9921875
153,1603239410.5491314,40.52734375,45.41015625,25.390625,-30.2734375
154,1603239410.5530376,41.015625,45.8984375,26.85546875,-6.34765625
155,1603239410.556944,39.55078125,41.015625,27.83203125,63.96484375
156,1603239410.5608501,41.9921875,44.43359375,31.73828125,96.6796875
157,1603239410.5647564,39.55078125,43.9453125,34.66796875,38.0859375
158,1603239410.5686626,37.109375,36.1328125,30.2734375,-36.62109375
159,1603239410.572569,36.62109375,34.66796875,30.76171875,-21.484375
160,1603239410.5764751,30.76171875,30.76171875,32.2265625,49.31640625
161,1603239410.5803814,42.48046875,32.71484375,32.2265625,99.12109375
162,1603239410.5842876,49.31640625,40.0390625,33.69140625,57.6171875
163,1603239410.588194,52.734375,41.50390625,36.62109375,-13.18359375
164,1603239410.5921001,52.734375,40.0390625,37.59765625,-7.32421875
165,1603239410.5960064,49.31640625,45.8984375,37.109375,58.10546875
166,1603239410.5999126,59.5703125,46.38671875,39.0625,118.1640625
167,1603239410.603819,57.12890625,47.36328125,47.36328125,83.49609375
168,1603239410.6077251,47.8515625,53.22265625,52.24609375,0.48828125
169,1603239410.6116314,46.38671875,47.8515625,49.31640625,-11.23046875
170,1603239410.6155376,41.50390625,42.48046875,52.734375,49.31640625
171,1603239410.619444,44.921875,40.52734375,57.12890625,109.86328125
172,1603239410.6233501,46.875,40.52734375,54.6875,78.61328125
173,1603239410.6272564,44.921875,41.50390625,52.24609375,-3.41796875
174,1603239410.6311626,43.9453125,36.1328125,50.78125,-16.6015625
175,1603239410.635069,33.69140625,33.203125,53.22265625,40.52734375
176,1603239410.6389751,32.2265625,36.1328125,56.15234375,99.12109375
177,1603239410.6428814,37.109375,38.57421875,58.10546875,77.63671875
178,1603239410.6467876,37.59765625,38.57421875,65.4296875,-4.39453125
179,1603239410.650694,39.0625,35.15625,71.77734375,-32.2265625
180,1603239410.6546001,37.59765625,34.1796875,70.3125,18.06640625
181,1603239410.6585064,43.45703125,34.1796875,71.2890625,90.33203125
182,1603239410.6624126,47.8515625,36.1328125,72.265625,87.890625
183,1603239410.666319,38.57421875,37.109375,71.77734375,9.765625
184,1603239410.6702251,29.296875,35.15625,77.1484375,-31.73828125
185,1603239410.6741314,26.85546875,33.69140625,82.51953125,13.671875
186,1603239410.6780376,32.71484375,36.62109375,84.47265625,88.8671875
187,1603239410.681944,34.1796875,35.64453125,81.54296875,92.7734375
188,1603239410.6858501,23.92578125,26.3671875,75.1953125,5.37109375
189,1603239410.6897564,22.4609375,23.4375,72.265625,-44.921875
190,1603239410.6936626,24.90234375,29.296875,73.2421875,-3.90625
191,1603239410.697569,21.484375,25.87890625,75.68359375,62.5
192,1603239410.7014751,23.4375,21.97265625,76.66015625,80.56640625
193,1603239410.7053814,27.34375,22.4609375,75.1953125,11.71875
194,1603239410.7092876,29.296875,27.34375,72.265625,-59.5703125
195,1603239410.713194,30.76171875,27.83203125,67.87109375,-34.1796875
196,1603239410.7171001,33.203125,23.4375,66.89453125,45.8984375
197,1603239410.7210064,39.55078125,22.4609375,65.91796875,81.0546875
198,1603239410.7249126,41.9921875,22.4609375,66.89453125,27.34375
199,1603239410.728819,35.15625,22.4609375,65.4296875,-49.31640625
200,1603239410.7327251,31.73828125,20.01953125,59.5703125,-39.0625
201,1603239410.7366314,29.296875,19.53125,61.03515625,39.0625
202,1603239410.7405376,25.390625,19.53125,62.5,82.51953125
203,1603239410.744444,21.484375,18.06640625,62.98828125,29.78515625
204,1603239410.7483501,17.08984375,18.5546875,61.03515625,-41.9921875
205,1603239410.7522564,19.04296875,20.5078125,59.5703125,-33.203125
206,1603239410.7561626,21.484375,20.01953125,65.91796875,39.55078125
207,1603239410.760069,25.390625,24.90234375,69.3359375,84.47265625
208,1603239410.7639751,27.34375,25.390625,64.94140625,33.203125
209,1603239410.7678814,22.94921875,17.08984375,59.08203125,-44.43359375
210,1603239410.7717876,16.6015625,21.484375,54.6875,-48.33984375
211,1603239410.775694,22.94921875,28.3203125,57.6171875,12.20703125
212,1603239410.7796001,21.97265625,24.90234375,60.05859375,70.80078125
213,1603239410.7835064,13.18359375,17.578125,54.6875,43.45703125
214,1603239410.7874126,16.6015625,20.01953125,52.734375,-47.36328125
215,1603239410.791319,18.06640625,21.97265625,52.24609375,-66.89453125
216,1603239410.7952251,17.08984375,21.97265625,53.7109375,1.953125
217,1603239410.7991314,19.53125,21.97265625,53.7109375,59.5703125
218,1603239410.8030376,14.16015625,15.625,51.26953125,25.87890625
219,1603239410.806944,6.8359375,13.671875,52.24609375,-47.36328125
220,1603239410.8108501,8.7890625,12.20703125,54.19921875,-63.96484375
221,1603239410.8147564,14.16015625,10.7421875,57.12890625,-6.34765625
222,1603239410.8186626,16.6015625,12.6953125,61.03515625,64.94140625
223,1603239410.822569,15.13671875,12.6953125,59.5703125,60.546875
224,1603239410.8264751,15.625,7.8125,57.6171875,-13.671875
225,1603239410.8303814,12.20703125,5.37109375,63.4765625,-46.38671875
226,1603239410.8342876,10.25390625,10.25390625,62.01171875,2.9296875
227,1603239410.838194,11.71875,11.71875,56.640625,73.2421875
228,1603239410.8421001,17.08984375,7.32421875,61.5234375,76.66015625
229,1603239410.8460064,19.53125,4.8828125,60.546875,-1.953125
230,1603239410.8499126,17.578125,11.23046875,60.546875,-52.24609375
231,1603239410.853819,19.53125,9.765625,68.359375,-15.13671875
232,1603239410.8577251,23.92578125,0.9765625,71.77734375,55.6640625
233,1603239410.8616314,21.97265625,-0.48828125,71.77734375,66.40625
234,1603239410.8655376,11.23046875,-3.41796875,68.84765625,-10.25390625
235,1603239410.869444,-1.46484375,1.46484375,64.94140625,-72.75390625
236,1603239410.8733501,-3.90625,4.39453125,66.40625,-38.57421875
237,1603239410.8772564,4.39453125,6.8359375,71.77734375,34.66796875
238,1603239410.8811626,12.6953125,9.765625,73.73046875,57.12890625
239,1603239410.885069,7.32421875,6.34765625,74.21875,-8.7890625
240,1603239410.8889751,1.46484375,0.48828125,73.73046875,-79.1015625
241,1603239410.8928814,-3.90625,0.9765625,75.1953125,-59.08203125
242,1603239410.8967876,-3.90625,1.953125,80.078125,18.06640625
243,1603239410.900694,-0.9765625,-5.37109375,83.984375,61.5234375
244,1603239410.9046001,0.0,-4.8828125,83.0078125,-0.48828125
245,1603239410.9085064,1.46484375,-5.859375,83.0078125,-74.21875
246,1603239410.9124126,1.953125,-2.44140625,85.9375,-61.03515625
247,1603239410.916319,0.9765625,-3.41796875,87.40234375,4.8828125
248,1603239410.9202251,3.41796875,-8.7890625,87.40234375,54.19921875
249,1603239410.9241314,4.39453125,-2.9296875,89.35546875,5.859375
250,1603239410.9280376,-2.9296875,-5.37109375,91.796875,-76.66015625
251,1603239410.931944,-10.7421875,-11.71875,92.7734375,-74.70703125
252,1603239410.9358501,-12.20703125,-6.8359375,99.12109375,-8.30078125
253,1603239410.9397564,-5.37109375,-4.39453125,103.515625,49.8046875
254,1603239410.9436626,-1.953125,-7.32421875,104.4921875,20.01953125
255,1603239410.947569,-7.8125,-4.39453125,106.4453125,-58.59375
256,1603239410.9514751,-7.32421875,-1.46484375,112.3046875,-65.91796875
257,1603239410.9553814,-2.9296875,0.0,119.62890625,4.8828125
258,1603239410.9592876,-4.39453125,-1.953125,122.0703125,57.6171875
259,1603239410.963194,-2.9296875,-5.37109375,125.9765625,33.69140625
260,1603239410.9671001,-0.48828125,1.46484375,130.37109375,-44.921875
261,1603239410.9710064,-3.41796875,3.90625,130.37109375,-75.68359375
262,1603239410.9749126,-4.39453125,-0.48828125,133.7890625,-12.6953125
263,1603239410.978819,-3.90625,-4.8828125,140.13671875,64.94140625
264,1603239410.9827251,1.46484375,-7.32421875,145.99609375,60.05859375
265,1603239410.9866314,5.37109375,-3.41796875,155.76171875,-15.625
266,1603239410.9905376,-1.953125,0.0,161.62109375,-58.59375
267,1603239410.994444,-9.765625,-3.41796875,165.52734375,-17.578125
268,1603239410.9983501,-4.8828125,-2.44140625,177.24609375,49.8046875
269,1603239411.0022564,-0.48828125,-1.953125,185.546875,49.8046875
270,1603239411.0061626,0.9765625,-1.953125,186.03515625,-22.4609375
271,1603239411.010069,1.953125,-4.39453125,187.01171875,-65.4296875
272,1603239411.0139751,-5.37109375,-9.27734375,186.5234375,-31.25
273,1603239411.0178814,-3.90625,-9.765625,194.82421875,44.43359375
274,1603239411.0217876,-0.9765625,-12.20703125,196.77734375,51.7578125
275,1603239411.025694,-12.20703125,-17.578125,189.453125,-28.3203125
276,1603239411.0296001,-14.16015625,-10.7421875,188.4765625,-81.0546875
277,1603239411.0335064,-6.8359375,-5.37109375,190.91796875,-44.921875
278,1603239411.0374126,-1.46484375,-8.7890625,196.2890625,38.57421875
279,1603239411.041319,-2.9296875,-10.7421875,200.1953125,68.84765625
280,1603239411.0452251,-6.8359375,-12.6953125,197.265625,0.9765625
281,1603239411.0491314,-7.32421875,-16.11328125,196.2890625,-63.96484375
282,1603239411.0530376,-10.25390625,-19.04296875,196.2890625,-38.0859375
283,1603239411.056944,-10.25390625,-13.671875,196.77734375,32.2265625
284,1603239411.0608501,-3.90625,-10.25390625,201.171875,64.453125
285,1603239411.0647564,-4.8828125,-11.23046875,196.2890625,5.37109375
286,1603239411.0686626,-4.39453125,-9.27734375,191.89453125,-69.3359375
287,1603239411.072569,-2.44140625,-9.765625,192.3828125,-52.734375
288,1603239411.0764751,-6.8359375,-11.23046875,191.89453125,17.08984375
289,1603239411.0803814,-3.41796875,-13.18359375,191.89453125,54.6875
290,1603239411.0842876,-5.37109375,-10.25390625,188.96484375,-6.34765625
291,1603239411.088194,-14.6484375,-5.859375,186.5234375,-84.47265625
292,1603239411.0921001,-18.5546875,-7.8125,189.94140625,-73.2421875
293,1603239411.0960064,-18.06640625,-12.6953125,194.82421875,-3.90625
294,1603239411.0999126,-12.6953125,-16.11328125,201.66015625,60.05859375
295,1603239411.103819,-15.13671875,-14.6484375,203.61328125,20.5078125
296,1603239411.1077251,-20.99609375,-9.765625,203.125,-60.546875
297,1603239411.1116314,-18.06640625,-12.6953125,207.51953125,-63.96484375
298,1603239411.1155376,-19.53125,-19.53125,224.12109375,-5.37109375
299,1603239411.119444,-20.5078125,-17.08984375,236.328125,57.6171875
300,1603239411.1233501,-8.7890625,-12.6953125,239.74609375,35.64453125
301,1603239411.1272564,-8.30078125,-18.06640625,234.375,-49.8046875
302,1603239411.1311626,-11.23046875,-21.484375,227.5390625,-64.94140625
303,1603239411.135069,-10.25390625,-21.97265625,238.28125,-2.9296875
304,1603239411.1389751,-13.18359375,-17.578125,248.53515625,57.12890625
305,1603239411.1428814,-12.6953125,-16.6015625,248.53515625,34.66796875
306,1603239411.1467876,-20.5078125,-24.4140625,243.1640625,-51.26953125
307,1603239411.150694,-24.90234375,-25.87890625,236.328125,-83.0078125
308,1603239411.1546001,-22.4609375,-23.92578125,231.4453125,-29.296875
309,1603239411.1585064,-17.578125,-25.390625,230.95703125,48.33984375
310,1603239411.1624126,-15.625,-27.34375,226.5625,47.36328125
311,1603239411.166319,-18.5546875,-25.390625,219.23828125,-34.1796875
312,1603239411.1702251,-14.6484375,-20.5078125,218.75,-81.0546875
313,1603239411.1741314,-17.578125,-10.25390625,223.14453125,-32.71484375
314,1603239411.1780376,-31.25,-12.20703125,228.515625,29.296875
315,1603239411.181944,-31.73828125,-20.5078125,214.35546875,19.53125
316,1603239411.1858501,-34.66796875,-21.484375,198.2421875,-61.03515625
317,1603239411.1897564,-59.08203125,-21.97265625,195.3125,-130.859375
318,1603239411.1936626,-80.078125,-21.484375,201.66015625,-114.2578125
319,1603239411.197569,-100.5859375,-20.5078125,218.26171875,-65.4296875
320,1603239411.2014751,-129.8828125,-24.4140625,228.515625,-79.1015625
321,1603239411.2053814,-165.52734375,-22.94921875,225.09765625,-188.4765625
322,1603239411.2092876,-205.56640625,-19.53125,218.26171875,-305.6640625
323,1603239411.213194,-239.74609375,-14.16015625,219.7265625,-316.89453125
324,1603239411.2171001,-273.4375,-17.08984375,218.75,-270.99609375
325,1603239411.2210064,-300.78125,-28.3203125,208.984375,-272.4609375
326,1603239411.2249126,-302.734375,-25.390625,211.42578125,-336.9140625
327,1603239411.228819,-297.36328125,-18.5546875,222.16796875,-390.13671875
328,1603239411.2327251,-309.08203125,-20.99609375,214.84375,-370.60546875
329,1603239411.2366314,-309.5703125,-31.73828125,203.61328125,-295.8984375
330,1603239411.2405376,-287.59765625,-29.78515625,202.1484375,-243.65234375
331,1603239411.244444,-276.3671875,-35.15625,193.359375,-293.45703125
332,1603239411.2483501,-261.23046875,-39.55078125,181.640625,-354.98046875
333,1603239411.2522564,-247.55859375,-34.66796875,175.29296875,-330.56640625
334,1603239411.2561626,-233.3984375,-33.203125,169.43359375,-245.1171875
335,1603239411.260069,-209.9609375,-33.69140625,160.64453125,-164.0625
336,1603239411.2639751,-184.5703125,-32.71484375,154.78515625,-185.05859375
337,1603239411.2678814,-161.62109375,-30.76171875,154.78515625,-252.9296875
338,1603239411.2717876,-144.04296875,-22.4609375,155.76171875,-229.00390625
339,1603239411.275694,-119.62890625,-19.53125,153.3203125,-130.859375
340,1603239411.2796001,-92.7734375,-20.99609375,144.53125,-47.36328125
341,1603239411.2835064,-72.75390625,-25.390625,137.6953125,-59.5703125
342,1603239411.2874126,-57.6171875,-30.76171875,128.90625,-119.62890625
343,1603239411.291319,-35.64453125,-28.80859375,126.953125,-103.02734375
344,1603239411.2952251,-12.6953125,-24.4140625,131.34765625,-12.20703125
345,1603239411.2991314,-1.46484375,-17.578125,127.9296875,68.359375
346,1603239411.3030376,10.7421875,-18.06640625,122.0703125,65.4296875
347,1603239411.306944,23.92578125,-24.90234375,119.140625,1.46484375
348,1603239411.3108501,32.71484375,-29.78515625,113.28125,-16.6015625
349,1603239411.3147564,38.57421875,-28.80859375,107.91015625,46.38671875
350,1603239411.3186626,46.875,-32.2265625,105.95703125,131.8359375
351,1603239411.322569,56.640625,-42.96875,110.3515625,136.71875
352,1603239411.3264751,62.01171875,-44.921875,121.09375,60.05859375
353,1603239411.3303814,64.453125,-40.52734375,133.7890625,28.3203125
354,1603239411.3342876,69.3359375,-39.0625,136.23046875,86.42578125
355,1603239411.338194,76.171875,-41.015625,140.13671875,168.9453125
356,1603239411.3421001,83.984375,-36.1328125,145.5078125,177.24609375
357,1603239411.3460064,86.9140625,-36.62109375,140.625,93.75
358,1603239411.3499126,86.9140625,-44.43359375,143.5546875,48.33984375
359,1603239411.353819,89.84375,-46.875,146.484375,95.21484375
360,1603239411.3577251,93.75,-46.38671875,144.04296875,167.48046875
361,1603239411.3616314,101.07421875,-42.96875,143.5546875,185.546875
362,1603239411.3655376,102.5390625,-42.96875,137.20703125,110.83984375
363,1603239411.369444,98.6328125,-45.41015625,132.8125,52.24609375
364,1603239411.3733501,97.65625,-41.015625,125.9765625,89.35546875
365,1603239411.3772564,95.703125,-41.9921875,126.953125,163.57421875
366,1603239411.3811626,91.30859375,-48.33984375,164.0625,181.640625
367,1603239411.385069,88.37890625,-52.734375,203.125,114.74609375
368,1603239411.3889751,82.51953125,-44.921875,222.65625,41.015625
369,1603239411.3928814,82.51953125,-39.0625,240.234375,57.12890625
370,1603239411.3967876,78.125,-41.9921875,248.046875,122.0703125
371,1603239411.400694,71.77734375,-40.52734375,256.34765625,155.2734375
372,1603239411.4046001,65.91796875,-38.57421875,264.6484375,97.65625
373,1603239411.4085064,61.03515625,-35.15625,270.5078125,19.53125
374,1603239411.4124126,55.6640625,-36.1328125,269.04296875,24.4140625
375,1603239411.416319,51.26953125,-36.62109375,260.7421875,84.9609375
376,1603239411.4202251,55.17578125,-34.1796875,254.39453125,131.8359375
377,1603239411.4241314,59.08203125,-28.3203125,247.55859375,86.9140625
378,1603239411.4280376,56.640625,-26.85546875,240.234375,7.8125
379,1603239411.431944,51.26953125,-27.83203125,232.91015625,0.9765625
380,1603239411.4358501,48.828125,-27.34375,221.19140625,46.875
381,1603239411.4397564,47.36328125,-31.25,207.03125,89.35546875
382,1603239411.4436626,44.43359375,-32.71484375,192.87109375,54.19921875
383,1603239411.447569,41.9921875,-33.69140625,177.24609375,-29.78515625
384,1603239411.4514751,37.109375,-33.69140625,168.45703125,-41.9921875
385,1603239411.4553814,29.78515625,-31.25,157.2265625,23.92578125
386,1603239411.4592876,28.80859375,-29.78515625,143.5546875,87.890625
387,1603239411.463194,16.11328125,-32.2265625,137.20703125,56.15234375
388,1603239411.4671001,2.44140625,-34.66796875,133.30078125,-35.64453125
389,1603239411.4710064,0.48828125,-35.64453125,120.1171875,-62.98828125
390,1603239411.4749126,-7.8125,-40.0390625,103.02734375,-23.92578125
391,1603239411.478819,-11.71875,-37.109375,92.7734375,29.78515625
392,1603239411.4827251,-12.6953125,-37.59765625,84.9609375,21.484375
393,1603239411.4866314,-13.18359375,-41.50390625,81.0546875,-55.17578125
394,1603239411.4905376,-12.20703125,-36.62109375,80.56640625,-86.42578125
395,1603239411.494444,-19.04296875,-31.25,76.66015625,-33.69140625
396,1603239411.4983501,-24.4140625,-29.296875,75.68359375,32.71484375
397,1603239411.5022564,-20.5078125,-27.34375,80.078125,28.80859375
398,1603239411.5061626,-21.97265625,-23.92578125,75.68359375,-55.6640625
399,1603239411.510069,-29.78515625,-26.3671875,66.40625,-113.76953125
400,1603239411.5139751,-28.80859375,-31.25,58.59375,-71.2890625
401,1603239411.5178814,-19.04296875,-37.59765625,53.22265625,14.16015625
402,1603239411.5217876,-4.39453125,-37.59765625,56.15234375,31.73828125
403,1603239411.525694,-2.44140625,-31.25,59.5703125,-43.9453125
404,1603239411.5296001,-12.6953125,-30.2734375,56.15234375,-104.4921875
405,1603239411.5335064,-18.06640625,-33.69140625,52.24609375,-74.70703125
406,1603239411.5374126,-27.34375,-33.203125,47.8515625,-15.625
407,1603239411.541319,-27.34375,-38.57421875,45.8984375,0.9765625
408,1603239411.5452251,-25.87890625,-44.43359375,43.45703125,-55.6640625
409,1603239411.5491314,-33.69140625,-41.015625,36.1328125,-121.09375
410,1603239411.5530376,-35.64453125,-39.0625,36.1328125,-89.84375
411,1603239411.556944,-33.203125,-39.55078125,36.1328125,-7.32421875
412,1603239411.5608501,-33.203125,-38.57421875,35.15625,30.2734375
413,1603239411.5647564,-35.64453125,-38.0859375,33.203125,-35.64453125
414,1603239411.5686626,-45.8984375,-39.0625,30.2734375,-124.0234375
415,1603239411.572569,-58.59375,-38.57421875,30.2734375,-123.046875
416,1603239411.5764751,-57.12890625,-44.43359375,30.76171875,-53.22265625
417,1603239411.5803814,-49.8046875,-52.734375,29.78515625,0.48828125
418,1603239411.5842876,-46.38671875,-47.8515625,30.76171875,-43.45703125
419,1603239411.588194,-39.55078125,-41.50390625,29.296875,-123.53515625
420,1603239411.5921001,-39.0625,-41.50390625,28.80859375,-116.69921875
421,1603239411.5960064,-40.52734375,-41.9921875,31.73828125,-52.24609375
422,1603239411.5999126,-44.43359375,-40.52734375,32.2265625,-3.90625
423,1603239411.603819,-51.7578125,-39.0625,36.62109375,-45.41015625
424,1603239411.6077251,-56.640625,-41.015625,35.64453125,-129.39453125
425,1603239411.6116314,-58.59375,-40.52734375,33.203125,-132.8125
426,1603239411.6155376,-53.7109375,-44.921875,32.2265625,-62.98828125
427,1603239411.619444,-37.109375,-47.8515625,34.66796875,6.8359375
428,1603239411.6233501,-30.2734375,-49.8046875,35.64453125,-4.39453125
429,1603239411.6272564,-36.62109375,-49.31640625,26.85546875,-83.0078125
430,1603239411.6311626,-41.9921875,-44.43359375,32.2265625,-108.88671875
431,1603239411.635069,-48.33984375,-41.9921875,41.9921875,-61.03515625
432,1603239411.6389751,-50.78125,-43.45703125,24.90234375,-4.39453125
433,1603239411.6428814,-57.12890625,-43.9453125,9.27734375,-26.85546875
434,1603239411.6467876,-72.265625,-45.41015625,1.46484375,-119.62890625
435,1603239411.650694,-67.3828125,-47.36328125,-1.953125,-141.6015625
436,1603239411.6546001,-59.08203125,-50.29296875,-1.46484375,-66.40625
437,1603239411.6585064,-48.828125,-49.8046875,0.0,11.71875
438,1603239411.6624126,-34.1796875,-45.41015625,5.859375,13.18359375
439,1603239411.666319,-34.66796875,-44.921875,6.8359375,-64.94140625
440,1603239411.6702251,-46.875,-48.33984375,0.0,-109.375
441,1603239411.6741314,-57.6171875,-47.36328125,-3.90625,-65.91796875
442,1603239411.6780376,-52.24609375,-46.875,-3.41796875,6.8359375
443,1603239411.681944,-44.43359375,-50.29296875,-2.9296875,22.4609375
444,1603239411.6858501,-20.01953125,-26.3671875,21.97265625,-20.99609375
445,1603239411.6897564,23.92578125,18.06640625,64.453125,-31.73828125
446,1603239411.6936626,39.0625,40.52734375,85.44921875,17.578125
447,1603239411.697569,39.55078125,41.50390625,95.21484375,95.703125
448,1603239411.7014751,38.0859375,41.50390625,94.7265625,110.83984375
449,1603239411.7053814,29.296875,40.52734375,90.33203125,36.62109375
450,1603239411.7092876,21.97265625,35.15625,84.9609375,-29.296875
451,1603239411.713194,17.578125,27.83203125,77.1484375,-2.44140625
452,1603239411.7171001,17.08984375,26.85546875,77.63671875,67.87109375
453,1603239411.7210064,16.6015625,29.296875,70.3125,90.33203125
454,1603239411.7249126,13.671875,29.296875,62.01171875,33.203125
455,1603239411.728819,7.8125,26.85546875,62.01171875,-39.0625
456,1603239411.7327251,2.9296875,17.578125,57.12890625,-25.390625
457,1603239411.7366314,5.37109375,2.9296875,51.7578125,46.875
458,1603239411.7405376,4.8828125,-4.8828125,47.36328125,80.56640625
459,1603239411.744444,-0.9765625,-6.8359375,42.48046875,18.06640625
460,1603239411.7483501,-6.34765625,-5.37109375,42.48046875,-56.15234375
461,1603239411.7522564,-4.39453125,-7.32421875,42.96875,-45.8984375
462,1603239411.7561626,-15.625,-12.20703125,39.0625,13.671875
463,1603239411.760069,-24.4140625,-15.13671875,33.69140625,61.5234375
464,1603239411.7639751,-23.4375,-18.06640625,25.390625,16.6015625
465,1603239411.7678814,-21.97265625,-21.484375,20.99609375,-64.453125
466,1603239411.7717876,-19.53125,-26.85546875,12.6953125,-66.89453125
467,1603239411.775694,-16.6015625,-27.34375,5.37109375,-1.953125
468,1603239411.7796001,-16.6015625,-24.4140625,2.44140625,51.7578125
469,1603239411.7835064,-16.11328125,-23.4375,-0.48828125,16.6015625
470,1603239411.7874126,-19.53125,-22.4609375,-6.34765625,-66.40625
471,1603239411.791319,-31.73828125,-23.4375,-12.20703125,-84.9609375
472,1603239411.7952251,-32.71484375,-23.4375,-13.18359375,-30.2734375
473,1603239411.7991314,-27.83203125,-30.2734375,-17.08984375,34.66796875
474,1603239411.8030376,-21.97265625,-41.015625,-18.5546875,20.99609375
475,1603239411.806944,-23.4375,-41.015625,-19.04296875,-64.453125
476,1603239411.8108501,-29.296875,-32.71484375,-22.4609375,-103.02734375
477,1603239411.8147564,-28.3203125,-29.296875,-15.13671875,-56.15234375
478,1603239411.8186626,-28.3203125,-28.3203125,-8.7890625,17.08984375
479,1603239411.822569,-30.76171875,-28.80859375,-11.23046875,10.25390625
480,1603239411.8264751,-34.1796875,-36.62109375,-11.71875,-70.80078125
481,1603239411.8303814,-31.25,-36.62109375,-14.16015625,-100.09765625
482,1603239411.8342876,-28.3203125,-35.64453125,-12.6953125,-42.96875
483,1603239411.838194,-28.80859375,-35.64453125,-10.7421875,27.83203125
484,1603239411.8421001,-30.2734375,-32.71484375,-14.6484375,23.92578125
485,1603239411.8460064,-40.0390625,-31.73828125,-18.06640625,-53.22265625
486,1603239411.8499126,-56.15234375,-34.66796875,-18.5546875,-112.3046875
487,1603239411.853819,-57.6171875,-33.69140625,-18.5546875,-81.54296875
488,1603239411.8577251,-52.24609375,-31.25,-22.4609375,-4.8828125
489,1603239411.8616314,-42.96875,-30.2734375,-23.4375,13.18359375
490,1603239411.8655376,-32.2265625,-32.2265625,-22.94921875,-48.828125
491,1603239411.869444,-36.1328125,-36.1328125,-22.94921875,-105.46875
492,1603239411.8733501,-41.015625,-39.0625,-21.484375,-78.61328125
493,1603239411.8772564,-46.38671875,-40.0390625,-23.4375,-5.859375
494,1603239411.8811626,-55.17578125,-36.62109375,-24.90234375,14.16015625
495,1603239411.885069,-55.17578125,-36.1328125,-28.3203125,-59.08203125
496,1603239411.8889751,-58.10546875,-39.55078125,-36.62109375,-129.8828125
497,1603239411.8928814,-59.08203125,-41.50390625,-34.66796875,-101.07421875
498,1603239411.8967876,-52.734375,-43.9453125,-31.73828125,-23.92578125
499,1603239411.900694,-50.78125,-42.48046875,-29.78515625,13.671875
500,1603239411.9046001,-48.33984375,-40.52734375,-21.97265625,-36.1328125
501,1603239411.9085064,-46.875,-40.0390625,-23.92578125,-112.3046875
502,1603239411.9124126,-53.7109375,-41.9921875,-31.25,-109.375
503,1603239411.916319,-54.6875,-40.0390625,-35.15625,-39.0625
504,1603239411.9202251,-54.19921875,-44.43359375,-36.62109375,14.6484375
505,1603239411.9241314,-54.6875,-52.24609375,-36.62109375,-27.34375
506,1603239411.9280376,-47.8515625,-47.8515625,-40.0390625,-111.81640625
507,1603239411.931944,-41.50390625,-42.48046875,-41.9921875,-114.2578125
508,1603239411.9358501,-44.43359375,-47.36328125,-43.45703125,-48.33984375
509,1603239411.9397564,-51.7578125,-58.59375,-48.828125,4.39453125
510,1603239411.9436626,-58.59375,-56.15234375,-49.31640625,-33.69140625
511,1603239411.947569,-66.40625,-47.8515625,-50.29296875,-122.55859375
512,1603239411.9514751,-65.4296875,-47.36328125,-50.29296875,-124.51171875
513,1603239411.9553814,-54.6875,-49.8046875,-48.33984375,-49.31640625
514,1603239411.9592876,-52.24609375,-48.828125,-50.29296875,4.8828125
515,1603239411.963194,-51.7578125,-48.828125,-48.828125,-13.18359375
516,1603239411.9671001,-54.19921875,-52.24609375,-43.9453125,-91.30859375
517,1603239411.9710064,-66.40625,-50.29296875,-42.48046875,-124.0234375
518,1603239411.9749126,-65.91796875,-47.8515625,-40.0390625,-70.80078125
519,1603239411.978819,-51.7578125,-46.38671875,-39.0625,2.44140625
520,1603239411.9827251,-46.38671875,-50.78125,-45.8984375,-3.41796875
521,1603239411.9866314,-48.828125,-52.24609375,-43.9453125,-79.58984375
522,1603239411.9905376,-51.7578125,-47.8515625,-38.0859375,-110.3515625
523,1603239411.994444,-53.7109375,-50.29296875,-37.59765625,-61.03515625
524,1603239411.9983501,-54.6875,-57.12890625,-39.55078125,13.671875
525,1603239412.0022564,-59.5703125,-53.7109375,-44.43359375,3.41796875
526,1603239412.0061626,-60.05859375,-44.921875,-43.9453125,-83.0078125
527,1603239412.010069,-56.15234375,-42.96875,-44.43359375,-121.58203125
528,1603239412.0139751,-54.19921875,-47.36328125,-45.41015625,-70.3125
529,1603239412.0178814,-45.8984375,-48.33984375,-42.48046875,12.20703125
530,1603239412.0217876,-41.9921875,-43.45703125,-41.50390625,25.87890625
531,1603239412.025694,-44.921875,-44.43359375,-41.015625,-43.9453125
532,1603239412.0296001,-45.41015625,-50.29296875,-42.48046875,-100.09765625
533,1603239412.0335064,-48.828125,-49.31640625,-45.41015625,-72.75390625
534,1603239412.0374126,-51.7578125,-47.8515625,-47.36328125,1.46484375
535,1603239412.041319,-47.8515625,-50.29296875,-46.38671875,25.390625
536,1603239412.0452251,-46.875,-47.36328125,-47.36328125,-41.50390625
537,1603239412.0491314,-51.7578125,-42.48046875,-49.8046875,-108.88671875
538,1603239412.0530376,-53.7109375,-45.8984375,-50.29296875,-82.51953125
539,1603239412.056944,-48.828125,-48.828125,-48.828125,-4.8828125
540,1603239412.0608501,-43.9453125,-46.875,-44.921875,28.80859375
541,1603239412.0647564,-44.921875,-43.9453125,-43.9453125,-33.69140625
542,1603239412.0686626,-51.26953125,-44.43359375,-45.41015625,-104.00390625
543,1603239412.072569,-54.6875,-46.38671875,-43.45703125,-87.890625
544,1603239412.0764751,-60.05859375,-49.31640625,-42.96875,-24.4140625
545,1603239412.0803814,-61.03515625,-53.7109375,-41.015625,26.85546875
546,1603239412.0842876,-58.59375,-58.10546875,-40.0390625,-19.04296875
547,1603239412.088194,-56.640625,-59.08203125,-43.9453125,-93.26171875
548,1603239412.0921001,-53.7109375,-55.17578125,-42.48046875,-83.984375
549,1603239412.0960064,-52.734375,-49.31640625,-38.0859375,-29.296875
550,1603239412.0999126,-54.19921875,-51.7578125,-42.96875,29.296875
551,1603239412.103819,-56.640625,-53.7109375,-46.875,-6.8359375
552,1603239412.1077251,-57.12890625,-52.734375,-47.36328125,-94.7265625
553,1603239412.1116314,-51.26953125,-51.7578125,-46.38671875,-102.5390625
554,1603239412.1155376,-48.33984375,-48.33984375,-44.921875,-43.45703125
555,1603239412.119444,-41.9921875,-45.8984375,-42.48046875,22.4609375
556,1603239412.1233501,-40.52734375,-48.33984375,-36.1328125,-6.8359375
557,1603239412.1272564,-45.41015625,-50.29296875,-38.57421875,-93.26171875
558,1603239412.1311626,-47.36328125,-48.828125,-40.0390625,-105.95703125
559,1603239412.135069,-41.9921875,-48.33984375,-36.1328125,-38.57421875
560,1603239412.1389751,-41.9921875,-46.38671875,-40.0390625,20.5078125
561,1603239412.1428814,-41.50390625,-47.8515625,-41.50390625,1.46484375
562,1603239412.1467876,-41.9921875,-45.41015625,-43.45703125,-74.21875
563,1603239412.150694,-43.45703125,-43.45703125,-44.921875,-107.91015625
564,1603239412.1546001,-37.109375,-41.50390625,-41.9921875,-58.59375
565,1603239412.1585064,-32.71484375,-38.57421875,-43.45703125,12.6953125
566,1603239412.1624126,-32.2265625,-34.1796875,-43.9453125,7.32421875
567,1603239412.166319,-41.015625,-36.62109375,-44.921875,-74.70703125
568,1603239412.1702251,-48.33984375,-42.96875,-41.9921875,-113.76953125
569,1603239412.1741314,-42.96875,-39.55078125,-38.57421875,-63.96484375
570,1603239412.1780376,-42.96875,-37.59765625,-42.96875,4.39453125
571,1603239412.181944,-44.43359375,-39.0625,-42.96875,6.8359375
572,1603239412.1858501,-51.7578125,-40.0390625,-35.64453125,-65.4296875
573,1603239412.1897564,-55.6640625,-46.38671875,-34.66796875,-110.83984375
574,1603239412.1936626,-58.10546875,-49.8046875,-38.57421875,-82.51953125
575,1603239412.197569,-54.6875,-50.29296875,-38.57421875,-13.18359375
576,1603239412.2014751,-30.76171875,-43.9453125,-39.0625,22.94921875
577,1603239412.2053814,-33.69140625,-44.921875,-40.52734375,-35.64453125
578,1603239412.2092876,-66.89453125,-53.22265625,-36.62109375,-109.86328125
579,1603239412.213194,-69.82421875,-52.734375,-37.59765625,-87.40234375
580,1603239412.2171001,-61.5234375,-47.8515625,-40.52734375,-17.08984375
581,1603239412.2210064,-52.24609375,-42.48046875,-41.50390625,11.23046875
582,1603239412.2249126,-46.38671875,-44.921875,-43.45703125,-41.9921875
583,1603239412.228819,-55.6640625,-50.78125,-44.921875,-115.72265625
584,1603239412.2327251,-51.26953125,-48.828125,-42.48046875,-96.19140625
585,1603239412.2366314,-41.50390625,-47.36328125,-40.0390625,-21.484375
586,1603239412.2405376,-44.43359375,-46.38671875,-41.015625,10.7421875
587,1603239412.244444,-52.734375,-44.921875,-40.0390625,-40.52734375
588,1603239412.2483501,-61.5234375,-43.9453125,-40.0390625,-112.79296875
589,1603239412.2522564,-59.5703125,-40.52734375,-34.66796875,-105.95703125
590,1603239412.2561626,-51.26953125,-38.0859375,-34.1796875,-39.0625
591,1603239412.260069,-47.36328125,-37.109375,-39.55078125,10.25390625
592,1603239412.2639751,-43.45703125,-35.64453125,-38.0859375,-26.85546875
593,1603239412.2678814,-41.50390625,-34.1796875,-33.69140625,-101.5625
594,1603239412.2717876,-48.828125,-43.45703125,-39.55078125,-110.83984375
595,1603239412.275694,-47.8515625,-44.43359375,-39.55078125,-50.78125
596,1603239412.2796001,-41.015625,-41.9921875,-38.0859375,6.8359375
597,1603239412.2835064,-46.875,-49.8046875,-37.109375,-18.06640625
598,1603239412.2874126,-53.7109375,-48.33984375,-37.109375,-99.609375
599,1603239412.291319,-48.33984375,-46.875,-35.15625,-121.58203125
600,1603239412.2952251,-43.45703125,-49.31640625,-31.25,-62.98828125
601,1603239412.2991314,-41.50390625,-51.7578125,-37.59765625,-2.9296875
602,1603239412.3030376,-41.9921875,-51.26953125,-36.62109375,-22.94921875
603,1603239412.306944,-42.48046875,-46.38671875,-28.3203125,-97.16796875
604,1603239412.3108501,-46.875,-48.828125,-29.78515625,-121.09375
605,1603239412.3147564,-51.26953125,-53.22265625,-33.69140625,-63.96484375
606,1603239412.3186626,-46.875,-49.31640625,-32.2265625,0.0
607,1603239412.322569,-43.45703125,-46.875,-31.25,-13.18359375
608,1603239412.3264751,-45.8984375,-49.31640625,-32.71484375,-84.9609375
609,1603239412.3303814,-50.29296875,-54.19921875,-34.66796875,-124.51171875
610,1603239412.3342876,-51.26953125,-49.8046875,-35.64453125,-88.8671875
611,1603239412.338194,-44.921875,-48.828125,-36.62109375,-17.08984375
612,1603239412.3421001,-43.9453125,-52.24609375,-35.15625,-12.20703125
613,1603239412.3460064,-54.19921875,-50.78125,-38.0859375,-97.65625
614,1603239412.3499126,-61.03515625,-47.8515625,-39.0625,-148.4375
615,1603239412.353819,-64.94140625,-46.38671875,-36.62109375,-100.5859375
616,1603239412.3577251,-62.01171875,-46.38671875,-37.59765625,-23.4375
617,1603239412.3616314,-54.19921875,-47.36328125,-40.0390625,-12.20703125
618,1603239412.3655376,-54.19921875,-50.78125,-36.1328125,-85.44921875
619,1603239412.369444,-60.05859375,-47.8515625,-33.69140625,-141.6015625
620,1603239412.3733501,-63.4765625,-47.8515625,-33.203125,-104.00390625
621,1603239412.3772564,-66.40625,-50.78125,-34.66796875,-29.296875
622,1603239412.3811626,-58.10546875,-47.36328125,-35.15625,-5.859375
623,1603239412.385069,-48.828125,-43.45703125,-31.73828125,-63.4765625
624,1603239412.3889751,-53.7109375,-46.875,-34.1796875,-127.9296875
625,1603239412.3928814,-57.12890625,-50.29296875,-37.109375,-108.3984375
626,1603239412.3967876,-56.640625,-48.828125,-38.57421875,-34.1796875
627,1603239412.400694,-55.17578125,-50.29296875,-40.0390625,5.859375
628,1603239412.4046001,-51.7578125,-53.22265625,-42.96875,-40.52734375
629,1603239412.4085064,-47.36328125,-50.29296875,-43.9453125,-110.83984375
630,1603239412.4124126,-44.921875,-47.36328125,-42.48046875,-106.4453125
631,1603239412.416319,-42.96875,-47.36328125,-38.57421875,-34.66796875
632,1603239412.4202251,-37.109375,-51.26953125,-38.0859375,22.4609375
633,1603239412.4241314,-39.55078125,-46.875,-41.9921875,-30.2734375
634,1603239412.4280376,-41.015625,-40.52734375,-39.0625,-111.81640625
635,1603239412.431944,-40.52734375,-41.9921875,-36.62109375,-104.98046875
636,1603239412.4358501,-44.43359375,-41.015625,-37.109375,-38.57421875
637,1603239412.4397564,-37.109375,-38.57421875,-33.203125,21.484375
638,1603239412.4436626,-33.203125,-39.0625,-27.34375,-5.37109375
639,1603239412.447569,-39.55078125,-44.43359375,-28.80859375,-90.33203125
640,1603239412.4514751,-43.45703125,-45.8984375,-34.1796875,-104.4921875
641,1603239412.4553814,-43.9453125,-44.921875,-34.1796875,-43.45703125
642,1603239412.4592876,-42.96875,-42.48046875,-28.80859375,20.99609375
643,1603239412.463194,-38.0859375,-41.9921875,-23.92578125,1.953125
644,1603239412.4671001,-39.0625,-42.48046875,-30.2734375,-90.8203125
645,1603239412.4710064,-50.29296875,-40.52734375,-34.1796875,-118.65234375
646,1603239412.4749126,-51.7578125,-42.96875,-28.3203125,-57.12890625
647,1603239412.478819,-47.8515625,-43.45703125,-31.73828125,10.25390625
648,1603239412.4827251,-48.828125,-44.921875,-34.66796875,-1.953125
649,1603239412.4866314,-45.41015625,-43.9453125,-33.69140625,-81.0546875
650,1603239412.4905376,-50.78125,-39.55078125,-30.76171875,-115.234375
651,1603239412.494444,-60.546875,-36.1328125,-32.2265625,-66.40625
652,1603239412.4983501,-61.5234375,-39.0625,-38.57421875,-0.48828125
653,1603239412.5022564,-60.546875,-41.015625,-34.1796875,5.37109375
654,1603239412.5061626,-59.08203125,-39.55078125,-28.80859375,-64.453125
655,1603239412.510069,-53.22265625,-42.96875,-33.203125,-106.93359375
656,1603239412.5139751,-55.17578125,-41.9921875,-38.0859375,-66.40625
657,1603239412.5178814,-53.22265625,-36.1328125,-36.1328125,8.30078125
658,1603239412.5217876,-40.52734375,-36.1328125,-34.66796875,26.3671875
659,1603239412.525694,-43.9453125,-43.45703125,-35.64453125,-49.31640625
660,1603239412.5296001,-49.31640625,-41.9921875,-36.62109375,-114.74609375
661,1603239412.5335064,-41.50390625,-35.64453125,-38.57421875,-80.56640625
662,1603239412.5374126,-38.57421875,-34.66796875,-38.57421875,-5.859375
663,1603239412.541319,-36.62109375,-31.25,-37.109375,14.6484375
664,1603239412.5452251,-42.48046875,-31.25,-41.50390625,-53.7109375
665,1603239412.5491314,-48.828125,-35.64453125,-41.9921875,-115.234375
666,1603239412.5530376,-46.875,-39.55078125,-35.15625,-81.54296875
667,1603239412.556944,-45.8984375,-44.43359375,-38.0859375,-12.6953125
668,1603239412.5608501,-44.921875,-42.48046875,-40.52734375,16.6015625
669,1603239412.5647564,-48.828125,-42.96875,-41.015625,-38.57421875
670,1603239412.5686626,-47.8515625,-42.96875,-42.96875,-112.79296875
671,1603239412.572569,-43.45703125,-38.0859375,-37.59765625,-102.05078125
672,1603239412.5764751,-45.41015625,-40.0390625,-38.57421875,-32.71484375
673,1603239412.5803814,-43.9453125,-38.57421875,-35.15625,22.4609375
674,1603239412.5842876,-44.43359375,-33.69140625,-32.2265625,-15.625
675,1603239412.588194,-49.31640625,-34.1796875,-36.1328125,-96.6796875
676,1603239412.5921001,-51.26953125,-38.0859375,-36.1328125,-94.23828125
677,1603239412.5960064,-41.50390625,-41.015625,-35.15625,-22.4609375
678,1603239412.5999126,-33.69140625,-42.96875,-36.1328125,34.66796875
679,1603239412.603819,-43.45703125,-38.57421875,-36.1328125,-10.7421875
680,1603239412.6077251,-48.828125,-40.0390625,-35.15625,-101.5625
681,1603239412.6116314,-52.24609375,-43.9453125,-39.55078125,-107.91015625
682,1603239412.6155376,-53.22265625,-38.0859375,-37.59765625,-38.57421875
683,1603239412.619444,-52.24609375,-39.0625,-35.15625,19.04296875
684,1603239412.6233501,-48.828125,-40.0390625,-39.55078125,-8.7890625
685,1603239412.6272564,-45.41015625,-41.015625,-39.0625,-77.63671875
686,1603239412.6311626,-47.8515625,-41.9921875,-36.62109375,-91.30859375
687,1603239412.635069,-50.29296875,-47.36328125,-41.9921875,-48.33984375
688,1603239412.6389751,-42.96875,-46.38671875,-46.875,13.18359375
689,1603239412.6428814,-31.73828125,-40.0390625,-43.45703125,7.32421875
690,1603239412.6467876,-25.390625,-36.1328125,-42.48046875,-76.171875
691,1603239412.650694,-31.73828125,-34.1796875,-41.50390625,-108.88671875
692,1603239412.6546001,-41.015625,-35.15625,-40.52734375,-52.24609375
693,1603239412.6585064,-37.59765625,-37.109375,-39.55078125,24.90234375
694,1603239412.6624126,-33.203125,-41.9921875,-39.55078125,21.97265625
695,1603239412.666319,-37.59765625,-44.921875,-43.9453125,-63.96484375
696,1603239412.6702251,-43.45703125,-43.9453125,-45.41015625,-110.3515625
697,1603239412.6741314,-44.43359375,-44.921875,-43.9453125,-62.98828125
698,1603239412.6780376,-43.45703125,-42.96875,-45.41015625,5.37109375
699,1603239412.681944,-40.0390625,-37.59765625,-47.8515625,17.578125
700,1603239412.6858501,-37.109375,-38.0859375,-47.36328125,-45.41015625
701,1603239412.6897564,-37.59765625,-41.50390625,-42.48046875,-97.65625
702,1603239412.6936626,-41.50390625,-40.52734375,-45.41015625,-72.265625
703,1603239412.697569,-41.9921875,-37.109375,-49.8046875,-1.953125
704,1603239412.7014751,-30.2734375,-37.109375,-45.8984375,24.90234375
705,1603239412.7053814,-30.76171875,-40.0390625,-45.41015625,-41.015625
706,1603239412.7092876,-46.875,-38.0859375,-47.8515625,-108.88671875
707,1603239412.713194,-49.31640625,-39.55078125,-45.8984375,-83.984375
708,1603239412.7171001,-44.43359375,-41.015625,-43.45703125,-13.18359375
709,1603239412.7210064,-41.015625,-36.62109375,-40.0390625,15.13671875
710,1603239412.7249126,-39.55078125,-31.73828125,-36.62109375,-38.0859375
711,1603239412.728819,-39.55078125,-28.80859375,-33.203125,-97.65625
712,1603239412.7327251,-38.57421875,-28.80859375,-32.71484375,-77.1484375
713,1603239412.7366314,-29.78515625,-30.76171875,-37.59765625,-4.8828125
714,1603239412.7405376,-17.578125,-31.25,-38.0859375,37.109375
715,1603239412.744444,-11.71875,-27.83203125,-37.109375,-17.578125
716,1603239412.7483501,-17.578125,-32.71484375,-39.55078125,-87.890625
717,1603239412.7522564,-29.296875,-31.25,-41.015625,-84.47265625
718,1603239412.7561626,-33.69140625,-27.83203125,-46.38671875,-25.390625
719,1603239412.760069,-28.3203125,-31.73828125,-49.8046875,30.2734375
720,1603239412.7639751,-25.87890625,-31.25,-49.8046875,-2.9296875
721,1603239412.7678814,-29.78515625,-30.76171875,-49.31640625,-84.9609375
722,1603239412.7717876,-32.2265625,-31.25,-44.921875,-87.890625
723,1603239412.775694,-30.76171875,-31.73828125,-41.015625,-21.484375
724,1603239412.7796001,-31.25,-31.73828125,-41.50390625,32.71484375
725,1603239412.7835064,-35.64453125,-32.2265625,-41.9921875,-1.46484375
726,1603239412.7874126,-41.015625,-31.73828125,-41.9921875,-80.56640625
727,1603239412.791319,-47.8515625,-34.66796875,-41.015625,-86.9140625
728,1603239412.7952251,-50.78125,-41.50390625,-42.96875,-26.3671875
729,1603239412.7991314,-53.7109375,-41.015625,-43.45703125,35.64453125
730,1603239412.8030376,-46.38671875,-37.59765625,-39.0625,14.16015625
731,1603239412.806944,-43.45703125,-40.52734375,-39.55078125,-69.82421875
732,1603239412.8108501,-49.8046875,-41.015625,-35.64453125,-94.7265625
733,1603239412.8147564,-51.26953125,-33.69140625,-30.76171875,-43.45703125
734,1603239412.8186626,-50.29296875,-37.109375,-34.66796875,25.87890625
735,1603239412.822569,-41.9921875,-39.55078125,-34.1796875,21.97265625
736,1603239412.8264751,-37.59765625,-38.0859375,-33.203125,-55.6640625
737,1603239412.8303814,-42.48046875,-41.015625,-36.1328125,-91.30859375
738,1603239412.8342876,-44.921875,-40.52734375,-35.64453125,-52.24609375
739,1603239412.838194,-37.59765625,-33.69140625,-33.69140625,21.97265625
740,1603239412.8421001,-36.62109375,-32.2265625,-32.2265625,28.80859375
741,1603239412.8460064,-41.50390625,-33.69140625,-31.73828125,-49.8046875
742,1603239412.8499126,-37.59765625,-34.1796875,-25.87890625,-98.14453125
743,1603239412.853819,-36.1328125,-33.69140625,-22.4609375,-49.8046875
744,1603239412.8577251,-39.55078125,-32.71484375,-26.3671875,21.484375
745,1603239412.8616314,-30.76171875,-31.73828125,-24.90234375,33.69140625
746,1603239412.8655376,-27.83203125,-31.25,-23.4375,-29.78515625
747,1603239412.869444,-36.1328125,-28.3203125,-21.97265625,-87.890625
748,1603239412.8733501,-36.62109375,-25.87890625,-20.5078125,-62.98828125
749,1603239412.8772564,-31.73828125,-26.3671875,-23.4375,6.8359375
750,1603239412.8811626,-25.87890625,-26.3671875,-25.87890625,33.203125
751,1603239412.885069,-27.83203125,-26.85546875,-26.85546875,-27.83203125
752,1603239412.8889751,-26.85546875,-22.4609375,-28.80859375,-105.46875
753,1603239412.8928814,-14.6484375,-20.99609375,-32.2265625,-86.42578125
754,1603239412.8967876,-3.90625,-26.3671875,-34.66796875,-8.7890625
755,1603239412.900694,3.90625,-23.92578125,-31.25,29.296875
756,1603239412.9046001,-0.9765625,-27.34375,-32.71484375,-23.92578125
757,1603239412.9085064,-15.625,-35.15625,-35.15625,-96.19140625
758,1603239412.9124126,-25.87890625,-33.203125,-37.59765625,-86.42578125
759,1603239412.916319,-30.76171875,-38.0859375,-42.96875,-14.6484375
760,1603239412.9202251,-32.2265625,-43.45703125,-44.921875,31.25
761,1603239412.9241314,-34.66796875,-43.9453125,-42.48046875,-15.13671875
762,1603239412.9280376,-42.96875,-45.41015625,-44.43359375,-87.890625
763,1603239412.931944,-43.45703125,-41.015625,-53.22265625,-94.23828125
764,1603239412.9358501,-40.52734375,-37.59765625,-60.05859375,-44.921875
765,1603239412.9397564,-34.66796875,-35.15625,-55.17578125,20.5078125
766,1603239412.9436626,-31.25,-34.66796875,-50.78125,-7.8125
767,1603239412.947569,-36.62109375,-34.1796875,-53.22265625,-94.7265625
768,1603239412.9514751,-40.52734375,-34.1796875,-52.734375,-103.515625
769,1603239412.9553814,-36.1328125,-38.0859375,-49.8046875,-42.48046875
770,1603239412.9592876,-33.203125,-44.921875,-51.7578125,18.06640625
771,1603239412.963194,-35.15625,-45.41015625,-52.24609375,-4.39453125
772,1603239412.9671001,-39.0625,-39.0625,-51.7578125,-90.8203125
773,1603239412.9710064,-36.62109375,-40.52734375,-47.8515625,-113.28125
774,1603239412.9749126,-28.3203125,-41.50390625,-44.43359375,-47.8515625
775,1603239412.978819,-28.80859375,-35.64453125,-45.41015625,17.08984375
776,1603239412.9827251,-27.83203125,-35.15625,-41.015625,10.7421875
777,1603239412.9866314,-23.92578125,-34.1796875,-40.52734375,-62.5
778,1603239412.9905376,-27.34375,-33.203125,-46.38671875,-107.91015625
779,1603239412.994444,-26.85546875,-38.57421875,-45.8984375,-62.98828125
780,1603239412.9983501,-16.11328125,-34.1796875,-46.38671875,18.5546875
781,1603239413.0022564,-8.30078125,-28.80859375,-46.38671875,24.4140625
782,1603239413.0061626,-13.671875,-30.76171875,-43.45703125,-51.7578125
783,1603239413.010069,-20.5078125,-26.3671875,-42.48046875,-94.23828125
784,1603239413.0139751,-27.34375,-23.92578125,-41.9921875,-51.26953125
785,1603239413.0178814,-25.390625,-26.85546875,-39.55078125,29.296875
786,1603239413.0217876,-29.78515625,-31.73828125,-45.41015625,36.1328125
787,1603239413.025694,-35.15625,-31.73828125,-51.7578125,-49.31640625
788,1603239413.0296001,-30.76171875,-25.87890625,-46.38671875,-99.12109375
789,1603239413.0335064,-24.90234375,-20.99609375,-40.52734375,-58.10546875
790,1603239413.0374126,-27.34375,-28.80859375,-40.0390625,8.30078125
791,1603239413.041319,-24.4140625,-34.1796875,-37.59765625,31.73828125
792,1603239413.0452251,-20.99609375,-31.73828125,-36.1328125,-25.87890625
793,1603239413.0491314,-28.3203125,-34.1796875,-40.0390625,-90.8203125
794,1603239413.0530376,-33.203125,-34.66796875,-37.109375,-71.77734375
795,1603239413.056944,-33.203125,-35.64453125,-33.203125,-3.90625
796,1603239413.0608501,-26.3671875,-32.2265625,-28.3203125,37.109375
797,1603239413.0647564,-26.85546875,-37.59765625,-28.3203125,-21.484375
798,1603239413.0686626,-33.203125,-41.9921875,-29.78515625,-93.26171875
799,1603239413.072569,-37.109375,-29.78515625,-33.69140625,-79.1015625
800,1603239413.0764751,-41.015625,-28.80859375,-38.0859375,-11.71875
801,1603239413.0803814,-39.55078125,-36.1328125,-33.203125,36.1328125
802,1603239413.0842876,-45.41015625,-36.62109375,-30.2734375,-18.06640625
803,1603239413.088194,-47.8515625,-34.1796875,-33.203125,-99.12109375
804,1603239413.0921001,-46.38671875,-35.15625,-41.50390625,-99.609375
805,1603239413.0960064,-46.38671875,-35.64453125,-41.9921875,-36.62109375
806,1603239413.0999126,-39.55078125,-31.25,-39.0625,22.4609375
807,1603239413.103819,-34.1796875,-28.3203125,-36.62109375,-11.71875
808,1603239413.1077251,-33.69140625,-28.3203125,-32.2265625,-95.703125
809,1603239413.1116314,-37.109375,-24.90234375,-33.203125,-105.95703125
810,1603239413.1155376,-38.0859375,-21.484375,-35.15625,-43.45703125
811,1603239413.119444,-34.1796875,-24.90234375,-31.25,25.390625
812,1603239413.1233501,-27.34375,-28.80859375,-25.87890625,9.27734375
813,1603239413.1272564,-33.69140625,-27.34375,-25.87890625,-75.1953125
814,1603239413.1311626,-35.64453125,-25.390625,-25.87890625,-92.28515625
815,1603239413.135069,-25.390625,-25.390625,-21.484375,-21.97265625
816,1603239413.1389751,-23.92578125,-27.34375,-17.578125,45.41015625
817,1603239413.1428814,-32.71484375,-29.296875,-21.97265625,20.99609375
818,1603239413.1467876,-37.109375,-27.34375,-25.390625,-68.84765625
819,1603239413.150694,-38.0859375,-26.3671875,-25.87890625,-100.09765625
820,1603239413.1546001,-33.69140625,-28.80859375,-27.34375,-44.43359375
821,1603239413.1585064,-30.2734375,-30.76171875,-29.296875,23.4375
822,1603239413.1624126,-25.87890625,-25.87890625,-31.73828125,16.6015625
823,1603239413.166319,-22.94921875,-25.87890625,-33.203125,-62.01171875
824,1603239413.1702251,-28.3203125,-28.3203125,-34.66796875,-101.5625
825,1603239413.1741314,-33.203125,-21.484375,-33.203125,-58.10546875
826,1603239413.1780376,-30.76171875,-20.99609375,-33.69140625,15.625
827,1603239413.181944,-24.90234375,-24.4140625,-35.15625,32.71484375
828,1603239413.1858501,-34.1796875,-30.2734375,-36.1328125,-41.9921875
829,1603239413.1897564,-46.38671875,-36.62109375,-32.2265625,-105.95703125
830,1603239413.1936626,-41.50390625,-32.71484375,-24.90234375,-70.80078125
831,1603239413.197569,-31.73828125,-25.390625,-28.80859375,8.7890625
832,1603239413.2014751,-29.78515625,-25.87890625,-33.69140625,30.2734375
833,1603239413.2053814,-29.78515625,-26.3671875,-33.203125,-40.0390625
834,1603239413.2092876,-35.64453125,-31.25,-33.203125,-106.4453125
835,1603239413.213194,-38.0859375,-35.64453125,-34.1796875,-73.2421875
836,1603239413.2171001,-32.2265625,-34.1796875,-34.66796875,3.90625
837,1603239413.2210064,-25.87890625,-33.69140625,-31.73828125,30.76171875
838,1603239413.2249126,-22.94921875,-33.69140625,-33.203125,-24.90234375
839,1603239413.228819,-26.85546875,-35.64453125,-36.62109375,-90.8203125
840,1603239413.2327251,-26.85546875,-34.1796875,-35.64453125,-75.1953125
841,1603239413.2366314,-21.97265625,-24.90234375,-33.203125,2.9296875
842,1603239413.2405376,-20.5078125,-25.87890625,-26.85546875,48.828125
843,1603239413.244444,-26.3671875,-30.2734375,-25.87890625,-9.27734375
844,1603239413.2483501,-32.71484375,-24.4140625,-27.83203125,-87.40234375
845,1603239413.2522564,-36.1328125,-27.83203125,-30.2734375,-84.47265625
846,1603239413.2561626,-34.66796875,-30.76171875,-29.78515625,-16.6015625
847,1603239413.260069,-26.85546875,-28.3203125,-27.34375,40.52734375
848,1603239413.2639751,-28.80859375,-27.34375,-33.203125,-9.27734375
849,1603239413.2678814,-38.0859375,-25.390625,-38.0859375,-90.33203125
850,1603239413.2717876,-38.57421875,-24.4140625,-35.15625,-90.8203125
851,1603239413.275694,-36.1328125,-26.85546875,-30.76171875,-23.4375
852,1603239413.2796001,-33.203125,-28.3203125,-30.76171875,41.50390625
853,1603239413.2835064,-36.62109375,-32.2265625,-35.64453125,11.71875
854,1603239413.2874126,-31.73828125,-35.15625,-35.64453125,-68.84765625
855,1603239413.291319,-22.94921875,-30.2734375,-32.71484375,-87.890625
856,1603239413.2952251,-21.484375,-31.25,-31.25,-32.71484375
857,1603239413.2991314,-12.20703125,-33.203125,-25.87890625,41.9921875
858,1603239413.3030376,-8.30078125,-31.73828125,-19.53125,28.3203125
859,1603239413.306944,-15.625,-32.71484375,-23.4375,-62.98828125
860,1603239413.3108501,-20.99609375,-30.76171875,-27.34375,-95.21484375
861,1603239413.3147564,-21.97265625,-28.80859375,-25.390625,-38.0859375
862,1603239413.3186626,-20.5078125,-26.85546875,-26.85546875,34.1796875
863,1603239413.322569,-18.06640625,-25.390625,-27.83203125,25.87890625
864,1603239413.3264751,-19.53125,-27.83203125,-28.3203125,-50.78125
865,1603239413.3303814,-21.484375,-26.85546875,-27.83203125,-85.9375
866,1603239413.3342876,-23.92578125,-25.390625,-30.2734375,-43.9453125
867,1603239413.338194,-27.34375,-25.87890625,-31.25,25.390625
868,1603239413.3421001,-22.94921875,-23.92578125,-28.80859375,25.87890625
869,1603239413.3460064,-24.90234375,-25.87890625,-26.3671875,-46.38671875
870,1603239413.3499126,-37.109375,-29.78515625,-29.296875,-92.7734375
871,1603239413.353819,-39.0625,-28.3203125,-32.71484375,-66.89453125
872,1603239413.3577251,-28.80859375,-28.80859375,-30.2734375,9.27734375
873,1603239413.3616314,-23.92578125,-29.78515625,-25.390625,38.57421875
874,1603239413.3655376,-20.5078125,-26.85546875,-21.484375,-28.3203125
875,1603239413.369444,-23.92578125,-30.2734375,-23.4375,-86.9140625
876,1603239413.3733501,-22.4609375,-28.3203125,-17.578125,-52.24609375
877,1603239413.3772564,-17.08984375,-28.80859375,-12.20703125,24.90234375
878,1603239413.3811626,-17.578125,-31.25,-14.16015625,49.8046875
879,1603239413.385069,-17.578125,-27.34375,-12.6953125,-13.671875
880,1603239413.3889751,-20.5078125,-29.296875,-17.08984375,-85.44921875
881,1603239413.3928814,-18.06640625,-27.34375,-20.5078125,-66.40625
882,1603239413.3967876,-15.13671875,-22.94921875,-19.53125,9.27734375
883,1603239413.400694,-20.01953125,-25.87890625,-18.5546875,49.31640625
884,1603239413.4046001,-17.08984375,-20.5078125,-16.11328125,-7.8125
885,1603239413.4085064,-13.18359375,-20.01953125,-18.5546875,-82.51953125
886,1603239413.4124126,-12.20703125,-24.90234375,-22.4609375,-70.3125
887,1603239413.416319,-10.7421875,-25.390625,-19.53125,-5.37109375
888,1603239413.4202251,-8.30078125,-24.4140625,-21.484375,47.36328125
889,1603239413.4241314,-7.8125,-24.4140625,-23.4375,5.859375
890,1603239413.4280376,-8.7890625,-21.484375,-17.08984375,-73.73046875
891,1603239413.431944,-6.34765625,-22.4609375,-19.04296875,-74.21875
892,1603239413.4358501,-2.9296875,-26.3671875,-20.99609375,-7.8125
893,1603239413.4397564,-1.953125,-26.85546875,-16.11328125,50.78125
894,1603239413.4436626,-6.8359375,-21.97265625,-14.16015625,16.6015625
895,1603239413.447569,-8.7890625,-21.484375,-20.01953125,-67.87109375
896,1603239413.4514751,-9.765625,-32.2265625,-25.87890625,-80.56640625
897,1603239413.4553814,-11.23046875,-33.203125,-21.484375,-17.08984375
898,1603239413.4592876,-10.25390625,-24.90234375,-18.5546875,41.9921875
899,1603239413.463194,-9.765625,-25.87890625,-16.6015625,24.4140625
900,1603239413.4671001,-6.8359375,-27.83203125,-12.20703125,-46.38671875
901,1603239413.4710064,-9.27734375,-20.5078125,-15.13671875,-66.40625
902,1603239413.4749126,-13.671875,-19.53125,-20.01953125,-20.5078125
903,1603239413.478819,-16.11328125,-24.4140625,-19.04296875,43.45703125
904,1603239413.4827251,-17.578125,-31.25,-22.94921875,38.0859375
905,1603239413.4866314,-20.5078125,-39.55078125,-28.3203125,-49.8046875
906,1603239413.4905376,-21.484375,-33.69140625,-21.97265625,-88.37890625
907,1603239413.494444,-21.484375,-27.83203125,-17.08984375,-35.64453125
908,1603239413.4983501,-18.06640625,-33.203125,-14.16015625,46.38671875
909,1603239413.5022564,-5.859375,-34.1796875,-12.20703125,56.15234375
910,1603239413.5061626,-7.8125,-29.78515625,-16.11328125,-25.390625
911,1603239413.510069,-14.16015625,-32.2265625,-18.5546875,-71.2890625
912,1603239413.5139751,-15.13671875,-37.59765625,-20.99609375,-31.25
913,1603239413.5178814,-15.625,-40.52734375,-22.4609375,39.0625
914,1603239413.5217876,-11.71875,-32.71484375,-21.484375,59.5703125
915,1603239413.525694,-4.8828125,-22.4609375,-20.5078125,-6.34765625
916,1603239413.5296001,-7.32421875,-18.06640625,-20.99609375,-62.01171875
917,1603239413.5335064,-9.27734375,-19.04296875,-20.99609375,-22.4609375
918,1603239413.5374126,-0.9765625,-19.53125,-20.5078125,48.33984375
919,1603239413.541319,6.8359375,-15.625,-15.625,77.63671875
920,1603239413.5452251,5.37109375,-15.625,-11.23046875,19.04296875
921,1603239413.5491314,0.48828125,-19.04296875,-16.11328125,-56.15234375
922,1603239413.5530376,0.9765625,-21.97265625,-18.5546875,-31.25
923,1603239413.556944,3.90625,-20.01953125,-17.08984375,49.31640625
924,1603239413.5608501,12.20703125,-20.01953125,-17.08984375,84.47265625
925,1603239413.5647564,16.6015625,-14.16015625,-15.13671875,33.69140625
926,1603239413.5686626,10.7421875,-13.671875,-12.6953125,-41.015625
927,1603239413.572569,5.37109375,-19.53125,-18.06640625,-34.1796875
928,1603239413.5764751,4.39453125,-17.578125,-20.01953125,33.69140625
929,1603239413.5803814,11.23046875,-20.5078125,-17.08984375,77.63671875
930,1603239413.5842876,9.765625,-20.99609375,-19.53125,27.83203125
931,1603239413.588194,3.41796875,-21.97265625,-19.04296875,-49.31640625
932,1603239413.5921001,0.0,-26.3671875,-14.6484375,-45.41015625
933,1603239413.5960064,-1.46484375,-25.390625,-15.625,16.11328125
934,1603239413.5999126,1.953125,-22.4609375,-18.06640625,68.359375
935,1603239413.603819,6.34765625,-20.01953125,-16.11328125,38.57421875
936,1603239413.6077251,1.953125,-22.94921875,-16.11328125,-44.921875
937,1603239413.6116314,-4.39453125,-25.390625,-23.92578125,-59.08203125
938,1603239413.6155376,-2.44140625,-23.92578125,-24.4140625,2.9296875
939,1603239413.619444,1.46484375,-24.90234375,-18.06640625,61.03515625
940,1603239413.6233501,9.27734375,-21.484375,-19.53125,31.73828125
941,1603239413.6272564,12.20703125,-18.06640625,-25.87890625,-49.31640625
942,1603239413.6311626,8.7890625,-18.5546875,-24.4140625,-64.453125
943,1603239413.635069,15.13671875,-19.53125,-19.53125,-4.39453125
944,1603239413.6389751,21.97265625,-15.13671875,-20.99609375,56.15234375
945,1603239413.6428814,23.4375,-18.06640625,-22.4609375,42.48046875
946,1603239413.6467876,16.11328125,-23.4375,-24.4140625,-36.1328125
947,1603239413.650694,11.23046875,-23.92578125,-27.83203125,-73.2421875
948,1603239413.6546001,7.32421875,-20.5078125,-24.90234375,-19.04296875
949,1603239413.6585064,-2.44140625,-18.5546875,-24.4140625,54.6875
950,1603239413.6624126,0.48828125,-21.484375,-27.34375,50.29296875
951,1603239413.666319,2.9296875,-21.97265625,-30.76171875,-25.390625
952,1603239413.6702251,0.0,-23.92578125,-26.3671875,-61.03515625
953,1603239413.6741314,0.0,-23.92578125,-17.578125,-14.6484375
954,1603239413.6780376,-1.953125,-19.53125,-18.5546875,42.96875
955,1603239413.681944,-2.44140625,-20.01953125,-21.484375,45.8984375
956,1603239413.6858501,0.9765625,-19.04296875,-20.5078125,-20.01953125
957,1603239413.6897564,0.48828125,-19.04296875,-15.625,-70.80078125
958,1603239413.6936626,0.0,-23.4375,-15.625,-31.25
959,1603239413.697569,-5.859375,-22.94921875,-23.4375,38.0859375
